-340282346638528859811704183484516925440.00000000 ,   0.00000000 
  0.00000000 ,   0.00000000 
  0.05000000 ,   0.00000000 
  0.10000000 ,   0.00010675 
  0.15000001 ,   0.00164864 
  0.20000000 ,   0.00641664 
  0.25000000 ,   0.01533590 
  0.30000001 ,   0.02838267 
  0.34999999 ,   0.04038571 
  0.40000001 ,   0.05014707 
  0.44999999 ,   0.05276829 
  0.50000000 ,   0.05875795 
  0.55000001 ,   0.06812791 
  0.60000002 ,   0.10811035 
  0.64999998 ,   0.15029889 
  0.69999999 ,   0.12305484 
  0.75000000 ,   0.08576478 
  0.80000001 ,   0.07456827 
  0.85000002 ,   0.06015751 
  0.89999998 ,   0.04235459 
  0.94999999 ,   0.03361325 
  1.00000000 ,   0.00000000 
