-340282346638528859811704183484516925440.00000000 ,   0.00000000 
  0.00000000 ,   0.00000000 
  0.05000000 ,   0.00004691 
  0.10000000 ,   0.00060980 
  0.15000001 ,   0.00238056 
  0.20000000 ,   0.00546474 
  0.25000000 ,   0.01109365 
  0.30000001 ,   0.01620658 
  0.34999999 ,   0.02289092 
  0.40000001 ,   0.02990360 
  0.44999999 ,   0.03773718 
  0.50000000 ,   0.05434247 
  0.55000001 ,   0.08567676 
  0.60000002 ,   0.12914839 
  0.64999998 ,   0.14469827 
  0.69999999 ,   0.12484462 
  0.75000000 ,   0.10207097 
  0.80000001 ,   0.08682600 
  0.85000002 ,   0.06687853 
  0.89999998 ,   0.04531276 
  0.94999999 ,   0.03386730 
  1.00000000 ,   0.00000000 
