-340282346638528859811704183484516925440.00000000 ,   0.00000000 
  0.00000000 ,   0.00000000 
  0.05000000 ,   0.00005863 
  0.10000000 ,   0.00075050 
  0.15000001 ,   0.00260331 
  0.20000000 ,   0.00553497 
  0.25000000 ,   0.01072987 
  0.30000001 ,   0.01648764 
  0.34999999 ,   0.02400441 
  0.40000001 ,   0.02963319 
  0.44999999 ,   0.03737277 
  0.50000000 ,   0.05178479 
  0.55000001 ,   0.08284863 
  0.60000002 ,   0.12430227 
  0.64999998 ,   0.14702847 
  0.69999999 ,   0.12812515 
  0.75000000 ,   0.10305361 
  0.80000001 ,   0.08735166 
  0.85000002 ,   0.06732258 
  0.89999998 ,   0.04614428 
  0.94999999 ,   0.03486327 
  1.00000000 ,   0.00000000 
