-340282346638528859811704183484516925440.00000000 ,   0.00000000 
  0.00000000 ,   0.00010982 
  0.05000000 ,   0.00059305 
  0.10000000 ,   0.00181575 
  0.15000001 ,   0.00369495 
  0.20000000 ,   0.00676269 
  0.25000000 ,   0.01152416 
  0.30000001 ,   0.01793053 
  0.34999999 ,   0.02626492 
  0.40000001 ,   0.03376710 
  0.44999999 ,   0.04122778 
  0.50000000 ,   0.05049689 
  0.55000001 ,   0.07182463 
  0.60000002 ,   0.10930865 
  0.64999998 ,   0.14244121 
  0.69999999 ,   0.12343440 
  0.75000000 ,   0.09366245 
  0.80000001 ,   0.08913039 
  0.85000002 ,   0.07683015 
  0.89999998 ,   0.05737917 
  0.94999999 ,   0.04180130 
  1.00000000 ,   0.00000000 
