-340282346638528859811704183484516925440.00000000 ,   0.00000000 
  0.00000000 ,   0.00009995 
  0.05000000 ,   0.00034861 
  0.10000000 ,   0.00087762 
  0.15000001 ,   0.00178450 
  0.20000000 ,   0.00353732 
  0.25000000 ,   0.00633109 
  0.30000001 ,   0.01034135 
  0.34999999 ,   0.01591670 
  0.40000001 ,   0.02337408 
  0.44999999 ,   0.03364473 
  0.50000000 ,   0.05081205 
  0.55000001 ,   0.08248943 
  0.60000002 ,   0.12155106 
  0.64999998 ,   0.14022496 
  0.69999999 ,   0.12214833 
  0.75000000 ,   0.10241639 
  0.80000001 ,   0.09776498 
  0.85000002 ,   0.08285511 
  0.89999998 ,   0.06052687 
  0.94999999 ,   0.04295487 
  1.00000000 ,   0.00000000 
