-340282346638528859811704183484516925440.00000000 ,   0.00000000 
  0.00000000 ,   0.00021350 
  0.05000000 ,   0.00066960 
  0.10000000 ,   0.00125186 
  0.15000001 ,   0.00204034 
  0.20000000 ,   0.00373618 
  0.25000000 ,   0.00606522 
  0.30000001 ,   0.00905659 
  0.34999999 ,   0.01380202 
  0.40000001 ,   0.02010743 
  0.44999999 ,   0.03044742 
  0.50000000 ,   0.04600108 
  0.55000001 ,   0.07736313 
  0.60000002 ,   0.11896814 
  0.64999998 ,   0.14475746 
  0.69999999 ,   0.12998986 
  0.75000000 ,   0.10569500 
  0.80000001 ,   0.09920521 
  0.85000002 ,   0.08383594 
  0.89999998 ,   0.06190652 
  0.94999999 ,   0.04488750 
  1.00000000 ,   0.00000000 
