-340282346638528859811704183484516925440.00000000 ,   0.00000000 
  0.00000000 ,   0.00021349 
  0.05000000 ,   0.00066960 
  0.10000000 ,   0.00125186 
  0.15000001 ,   0.00204033 
  0.20000000 ,   0.00373616 
  0.25000000 ,   0.00606519 
  0.30000001 ,   0.00905655 
  0.34999999 ,   0.01380195 
  0.40000001 ,   0.02009763 
  0.44999999 ,   0.03044727 
  0.50000000 ,   0.04600085 
  0.55000001 ,   0.07736276 
  0.60000002 ,   0.11896513 
  0.64999998 ,   0.14476161 
  0.69999999 ,   0.13000136 
  0.75000000 ,   0.10569449 
  0.80000001 ,   0.09920473 
  0.85000002 ,   0.08383553 
  0.89999998 ,   0.06190622 
  0.94999999 ,   0.04488728 
  1.00000000 ,   0.00000000 
