-340282346638528859811704183484516925440.00000000 ,   0.00000000 
  0.00000000 ,   0.00022077 
  0.05000000 ,   0.00072538 
  0.10000000 ,   0.00135129 
  0.15000001 ,   0.00219555 
  0.20000000 ,   0.00400293 
  0.25000000 ,   0.00646777 
  0.30000001 ,   0.00949544 
  0.34999999 ,   0.01443966 
  0.40000001 ,   0.02040767 
  0.44999999 ,   0.03032038 
  0.50000000 ,   0.04563098 
  0.55000001 ,   0.07689994 
  0.60000002 ,   0.11851586 
  0.64999998 ,   0.14424379 
  0.69999999 ,   0.12984051 
  0.75000000 ,   0.10560459 
  0.80000001 ,   0.09913925 
  0.85000002 ,   0.08378013 
  0.89999998 ,   0.06186347 
  0.94999999 ,   0.04485466 
  1.00000000 ,   0.00000000 
