-340282346638528859811704183484516925440.00000000 ,   0.00000000 
  0.00000000 ,   0.00014317 
  0.05000000 ,   0.00054842 
  0.10000000 ,   0.00112110 
  0.15000001 ,   0.00209175 
  0.20000000 ,   0.00374427 
  0.25000000 ,   0.00632620 
  0.30000001 ,   0.00970648 
  0.34999999 ,   0.01470046 
  0.40000001 ,   0.02061656 
  0.44999999 ,   0.03078166 
  0.50000000 ,   0.04677308 
  0.55000001 ,   0.07891608 
  0.60000002 ,   0.12029479 
  0.64999998 ,   0.14330641 
  0.69999999 ,   0.12826138 
  0.75000000 ,   0.10549484 
  0.80000001 ,   0.09875854 
  0.85000002 ,   0.08335679 
  0.89999998 ,   0.06123573 
  0.94999999 ,   0.04382231 
  1.00000000 ,   0.00000000 
