-340282346638528859811704183484516925440.00000000 ,   0.00000000 
  0.00000000 ,   0.00022075 
  0.05000000 ,   0.00071806 
  0.10000000 ,   0.00130512 
  0.15000001 ,   0.00216630 
  0.20000000 ,   0.00392748 
  0.25000000 ,   0.00639216 
  0.30000001 ,   0.00934201 
  0.34999999 ,   0.01423983 
  0.40000001 ,   0.02034331 
  0.44999999 ,   0.03027480 
  0.50000000 ,   0.04567905 
  0.55000001 ,   0.07701638 
  0.60000002 ,   0.11872671 
  0.64999998 ,   0.14442148 
  0.69999999 ,   0.12995119 
  0.75000000 ,   0.10561248 
  0.80000001 ,   0.09915240 
  0.85000002 ,   0.08379182 
  0.89999998 ,   0.06186200 
  0.94999999 ,   0.04485668 
  1.00000000 ,   0.00000000 
