-340282346638528859811704183484516925440.00000000 ,   0.00000000 
  0.00000000 ,   0.00031988 
  0.05000000 ,   0.00142962 
  0.10000000 ,   0.00330215 
  0.15000001 ,   0.00671995 
  0.20000000 ,   0.01069631 
  0.25000000 ,   0.01542069 
  0.30000001 ,   0.02099399 
  0.34999999 ,   0.02795262 
  0.40000001 ,   0.03683053 
  0.44999999 ,   0.04906718 
  0.50000000 ,   0.06566159 
  0.55000001 ,   0.09257582 
  0.60000002 ,   0.11547433 
  0.64999998 ,   0.12278975 
  0.69999999 ,   0.10480263 
  0.75000000 ,   0.08685981 
  0.80000001 ,   0.08114379 
  0.85000002 ,   0.06915812 
  0.89999998 ,   0.05154502 
  0.94999999 ,   0.03725621 
  1.00000000 ,   0.00000000 
