-340282346638528859811704183484516925440.00000000 ,   0.00000000 
  0.00000000 ,   0.00010006 
  0.05000000 ,   0.00057598 
  0.10000000 ,   0.00181581 
  0.15000001 ,   0.00365359 
  0.20000000 ,   0.00677025 
  0.25000000 ,   0.01151479 
  0.30000001 ,   0.01797264 
  0.34999999 ,   0.02639273 
  0.40000001 ,   0.03374628 
  0.44999999 ,   0.04122187 
  0.50000000 ,   0.05046689 
  0.55000001 ,   0.07181488 
  0.60000002 ,   0.10931726 
  0.64999998 ,   0.14244119 
  0.69999999 ,   0.12340689 
  0.75000000 ,   0.09364856 
  0.80000001 ,   0.08912368 
  0.85000002 ,   0.07685230 
  0.89999998 ,   0.05739089 
  0.94999999 ,   0.04177344 
  1.00000000 ,   0.00000000 
