-340282346638528859811704183484516925440.00000000 ,   0.00000000 
  0.00000000 ,   0.00013899 
  0.05000000 ,   0.00043585 
  0.10000000 ,   0.00125607 
  0.15000001 ,   0.00261339 
  0.20000000 ,   0.00472744 
  0.25000000 ,   0.00831892 
  0.30000001 ,   0.01352339 
  0.34999999 ,   0.02118339 
  0.40000001 ,   0.03253610 
  0.44999999 ,   0.04968701 
  0.50000000 ,   0.08064273 
  0.55000001 ,   0.20837881 
  0.60000002 ,   0.27567660 
  0.64999998 ,   0.21678266 
  0.69999999 ,   0.08409865 
  0.75000000 ,   0.00000000 
  0.80000001 ,   0.00000000 
  0.85000002 ,   0.00000000 
  0.89999998 ,   0.00000000 
  0.94999999 ,   0.00000000 
  1.00000000 ,   0.00000000 
