-340282346638528859811704183484516925440.00000000 ,   0.00000000 
  0.00000000 ,   0.00000000 
  0.05000000 ,   0.00000000 
  0.10000000 ,   0.00008305 
  0.15000001 ,   0.00150670 
  0.20000000 ,   0.00645391 
  0.25000000 ,   0.01517380 
  0.30000001 ,   0.02863922 
  0.34999999 ,   0.04148772 
  0.40000001 ,   0.05024321 
  0.44999999 ,   0.05265156 
  0.50000000 ,   0.05855973 
  0.55000001 ,   0.06778977 
  0.60000002 ,   0.10825721 
  0.64999998 ,   0.15026694 
  0.69999999 ,   0.12302764 
  0.75000000 ,   0.08565666 
  0.80000001 ,   0.07444537 
  0.85000002 ,   0.05997153 
  0.89999998 ,   0.04228260 
  0.94999999 ,   0.03350338 
  1.00000000 ,   0.00000000 
