-340282346638528859811704183484516925440.00000000 ,   0.00000000 
  0.00000000 ,   0.00000000 
  0.05000000 ,   0.00005861 
  0.10000000 ,   0.00060956 
  0.15000001 ,   0.00233272 
  0.20000000 ,   0.00487645 
  0.25000000 ,   0.00989356 
  0.30000001 ,   0.01489895 
  0.34999999 ,   0.02231913 
  0.40000001 ,   0.02914146 
  0.44999999 ,   0.03793314 
  0.50000000 ,   0.05292587 
  0.55000001 ,   0.08403667 
  0.60000002 ,   0.12567403 
  0.64999998 ,   0.14774699 
  0.69999999 ,   0.12861631 
  0.75000000 ,   0.10312046 
  0.80000001 ,   0.08743611 
  0.85000002 ,   0.06734421 
  0.89999998 ,   0.04616214 
  0.94999999 ,   0.03487363 
  1.00000000 ,   0.00000000 
