-340282346638528859811704183484516925440.00000000 ,   0.00000000 
  0.00000000 ,   0.00000000 
  0.05000000 ,   0.00001176 
  0.10000000 ,   0.00059958 
  0.15000001 ,   0.00230426 
  0.20000000 ,   0.00556078 
  0.25000000 ,   0.01173289 
  0.30000001 ,   0.01822243 
  0.34999999 ,   0.02818011 
  0.40000001 ,   0.03323536 
  0.44999999 ,   0.04048907 
  0.50000000 ,   0.05552551 
  0.55000001 ,   0.08871385 
  0.60000002 ,   0.12999059 
  0.64999998 ,   0.14302845 
  0.69999999 ,   0.11922173 
  0.75000000 ,   0.09734305 
  0.80000001 ,   0.08559840 
  0.85000002 ,   0.06522455 
  0.89999998 ,   0.04324007 
  0.94999999 ,   0.03177757 
  1.00000000 ,   0.00000000 
