-340282346638528859811704183484516925440.00000000 ,   0.00000000 
  0.00000000 ,   0.00000000 
  0.05000000 ,   0.00000000 
  0.10000000 ,   0.00000000 
  0.15000001 ,   0.00013328 
  0.20000000 ,   0.00017493 
  0.25000000 ,   0.00084966 
  0.30000001 ,   0.00229908 
  0.34999999 ,   0.00509796 
  0.40000001 ,   0.01089564 
  0.44999999 ,   0.02301579 
  0.50000000 ,   0.04973011 
  0.55000001 ,   0.18457617 
  0.60000002 ,   0.32704418 
  0.64999998 ,   0.28129582 
  0.69999999 ,   0.11488738 
  0.75000000 ,   0.00000000 
  0.80000001 ,   0.00000000 
  0.85000002 ,   0.00000000 
  0.89999998 ,   0.00000000 
  0.94999999 ,   0.00000000 
  1.00000000 ,   0.00000000 
