-340282346638528859811704183484516925440.00000000 ,   0.00000000 
  0.00000000 ,   0.00000000 
  0.05000000 ,   0.00005862 
  0.10000000 ,   0.00073867 
  0.15000001 ,   0.00256777 
  0.20000000 ,   0.00540522 
  0.25000000 ,   0.01045868 
  0.30000001 ,   0.01591080 
  0.34999999 ,   0.02336788 
  0.40000001 ,   0.02957040 
  0.44999999 ,   0.03739096 
  0.50000000 ,   0.05216443 
  0.55000001 ,   0.08329425 
  0.60000002 ,   0.12451928 
  0.64999998 ,   0.14727746 
  0.69999999 ,   0.12855267 
  0.75000000 ,   0.10303911 
  0.80000001 ,   0.08737454 
  0.85000002 ,   0.06732483 
  0.89999998 ,   0.04613779 
  0.94999999 ,   0.03484664 
  1.00000000 ,   0.00000000 
