-340282346638528859811704183484516925440.00000000 ,   0.00000000 
  0.00000000 ,   0.00000000 
  0.05000000 ,   0.00010723 
  0.10000000 ,   0.00148937 
  0.15000001 ,   0.00542131 
  0.20000000 ,   0.01210561 
  0.25000000 ,   0.02069631 
  0.30000001 ,   0.03141979 
  0.34999999 ,   0.04177390 
  0.40000001 ,   0.05181823 
  0.44999999 ,   0.06014679 
  0.50000000 ,   0.07714946 
  0.55000001 ,   0.09984749 
  0.60000002 ,   0.12218807 
  0.64999998 ,   0.12411829 
  0.69999999 ,   0.09971642 
  0.75000000 ,   0.07612477 
  0.80000001 ,   0.06401916 
  0.85000002 ,   0.05067439 
  0.89999998 ,   0.03433896 
  0.94999999 ,   0.02684444 
  1.00000000 ,   0.00000000 
