-340282346638528859811704183484516925440.00000000 ,   0.00000000 
  0.00000000 ,   0.03979206 
  0.05000000 ,   0.03166352 
  0.10000000 ,   0.02977316 
  0.15000001 ,   0.02844991 
  0.20000000 ,   0.02391304 
  0.25000000 ,   0.02977316 
  0.30000001 ,   0.03260870 
  0.34999999 ,   0.04555766 
  0.40000001 ,   0.05255198 
  0.44999999 ,   0.05000000 
  0.50000000 ,   0.05170132 
  0.55000001 ,   0.06153119 
  0.60000002 ,   0.06739130 
  0.64999998 ,   0.07400756 
  0.69999999 ,   0.07164461 
  0.75000000 ,   0.06493384 
  0.80000001 ,   0.07315690 
  0.85000002 ,   0.06805293 
  0.89999998 ,   0.05784499 
  0.94999999 ,   0.04565217 
  1.00000000 ,   0.00000000 
