-340282346638528859811704183484516925440.00000000 ,   0.00000000 
  0.00000000 ,   0.03759470 
  0.05000000 ,   0.02859848 
  0.10000000 ,   0.02878788 
  0.15000001 ,   0.03030303 
  0.20000000 ,   0.02537879 
  0.25000000 ,   0.02992424 
  0.30000001 ,   0.03503788 
  0.34999999 ,   0.04535985 
  0.40000001 ,   0.05596591 
  0.44999999 ,   0.05501894 
  0.50000000 ,   0.05804924 
  0.55000001 ,   0.07026515 
  0.60000002 ,   0.07196970 
  0.64999998 ,   0.07566288 
  0.69999999 ,   0.06410985 
  0.75000000 ,   0.06041667 
  0.80000001 ,   0.06742424 
  0.85000002 ,   0.06382576 
  0.89999998 ,   0.05549242 
  0.94999999 ,   0.04081439 
  1.00000000 ,   0.00000000 
