-340282346638528859811704183484516925440.00000000 ,   0.00000000 
  0.00000000 ,   0.03994334 
  0.05000000 ,   0.03191690 
  0.10000000 ,   0.02936733 
  0.15000001 ,   0.03002833 
  0.20000000 ,   0.02436261 
  0.25000000 ,   0.02974504 
  0.30000001 ,   0.03257790 
  0.34999999 ,   0.04721435 
  0.40000001 ,   0.04976393 
  0.44999999 ,   0.05118036 
  0.50000000 ,   0.04995279 
  0.55000001 ,   0.06005666 
  0.60000002 ,   0.06883853 
  0.64999998 ,   0.07422096 
  0.69999999 ,   0.07214353 
  0.75000000 ,   0.06430595 
  0.80000001 ,   0.07308782 
  0.85000002 ,   0.06798867 
  0.89999998 ,   0.05816808 
  0.94999999 ,   0.04513692 
  1.00000000 ,   0.00000000 
