-340282346638528859811704183484516925440.00000000 ,   0.00000000 
  0.00000000 ,   0.01804851 
  0.05000000 ,   0.02397067 
  0.10000000 ,   0.02810679 
  0.15000001 ,   0.03412296 
  0.20000000 ,   0.03402895 
  0.25000000 ,   0.04192517 
  0.30000001 ,   0.03938710 
  0.34999999 ,   0.05329949 
  0.40000001 ,   0.05423952 
  0.44999999 ,   0.06768190 
  0.50000000 ,   0.07877421 
  0.55000001 ,   0.09917278 
  0.60000002 ,   0.09296860 
  0.64999998 ,   0.07792818 
  0.69999999 ,   0.05273548 
  0.75000000 ,   0.04540327 
  0.80000001 ,   0.04963339 
  0.85000002 ,   0.04239519 
  0.89999998 ,   0.03637902 
  0.94999999 ,   0.02979883 
  1.00000000 ,   0.00000000 
