-340282346638528859811704183484516925440.00000000 ,   0.00000000 
  0.00000000 ,   0.03000000 
  0.05000000 ,   0.03426667 
  0.10000000 ,   0.03506667 
  0.15000001 ,   0.04040000 
  0.20000000 ,   0.03753333 
  0.25000000 ,   0.04433333 
  0.30000001 ,   0.04566667 
  0.34999999 ,   0.05786667 
  0.40000001 ,   0.06566667 
  0.44999999 ,   0.08240000 
  0.50000000 ,   0.11306667 
  0.55000001 ,   0.16166667 
  0.60000002 ,   0.14486667 
  0.64999998 ,   0.07873333 
  0.69999999 ,   0.02846667 
  0.75000000 ,   0.00000000 
  0.80000001 ,   0.00000000 
  0.85000002 ,   0.00000000 
  0.89999998 ,   0.00000000 
  0.94999999 ,   0.00000000 
  1.00000000 ,   0.00000000 
