-340282346638528859811704183484516925440.00000000 ,   0.00000000 
  0.00000000 ,   0.01740868 
  0.05000000 ,   0.02587519 
  0.10000000 ,   0.02673135 
  0.15000001 ,   0.03300989 
  0.20000000 ,   0.03215373 
  0.25000000 ,   0.04233257 
  0.30000001 ,   0.04623288 
  0.34999999 ,   0.06544901 
  0.40000001 ,   0.05650685 
  0.44999999 ,   0.06649543 
  0.50000000 ,   0.07448630 
  0.55000001 ,   0.09579528 
  0.60000002 ,   0.09037291 
  0.64999998 ,   0.07990868 
  0.69999999 ,   0.05450913 
  0.75000000 ,   0.04337900 
  0.80000001 ,   0.04708904 
  0.85000002 ,   0.03928843 
  0.89999998 ,   0.03377093 
  0.94999999 ,   0.02920472 
  1.00000000 ,   0.00000000 
