-340282346638528859811704183484516925440.00000000 ,   0.00000000 
  0.00000000 ,   0.04085493 
  0.05000000 ,   0.03224891 
  0.10000000 ,   0.03101948 
  0.15000001 ,   0.02789862 
  0.20000000 ,   0.02506147 
  0.25000000 ,   0.02979005 
  0.30000001 ,   0.03253263 
  0.34999999 ,   0.04681294 
  0.40000001 ,   0.05021751 
  0.44999999 ,   0.05050123 
  0.50000000 ,   0.05031209 
  0.55000001 ,   0.06014753 
  0.60000002 ,   0.06828069 
  0.64999998 ,   0.07386041 
  0.69999999 ,   0.07234727 
  0.75000000 ,   0.06449782 
  0.80000001 ,   0.07263098 
  0.85000002 ,   0.06780783 
  0.89999998 ,   0.05816153 
  0.94999999 ,   0.04501608 
  1.00000000 ,   0.00000000 
