-340282346638528859811704183484516925440.00000000 ,   0.00000000 
  0.00000000 ,   0.02483475 
  0.05000000 ,   0.02407932 
  0.10000000 ,   0.02691218 
  0.15000001 ,   0.02983947 
  0.20000000 ,   0.02606232 
  0.25000000 ,   0.03333333 
  0.30000001 ,   0.03692162 
  0.34999999 ,   0.04617564 
  0.40000001 ,   0.05108593 
  0.44999999 ,   0.05420208 
  0.50000000 ,   0.06128423 
  0.55000001 ,   0.07639282 
  0.60000002 ,   0.07601511 
  0.64999998 ,   0.07148253 
  0.69999999 ,   0.06600567 
  0.75000000 ,   0.06043437 
  0.80000001 ,   0.07006610 
  0.85000002 ,   0.06685552 
  0.89999998 ,   0.05580737 
  0.94999999 ,   0.04220963 
  1.00000000 ,   0.00000000 
