-340282346638528859811704183484516925440.00000000 ,   0.00000000 
  0.00000000 ,   0.04625637 
  0.05000000 ,   0.03969032 
  0.10000000 ,   0.03586829 
  0.15000001 ,   0.03488828 
  0.20000000 ,   0.03341827 
  0.25000000 ,   0.03684829 
  0.30000001 ,   0.04674637 
  0.34999999 ,   0.06879655 
  0.40000001 ,   0.07379459 
  0.44999999 ,   0.07408859 
  0.50000000 ,   0.06811054 
  0.55000001 ,   0.07114857 
  0.60000002 ,   0.06644453 
  0.64999998 ,   0.06183849 
  0.69999999 ,   0.04890239 
  0.75000000 ,   0.04184633 
  0.80000001 ,   0.04704038 
  0.85000002 ,   0.04106233 
  0.89999998 ,   0.03410427 
  0.94999999 ,   0.02910623 
  1.00000000 ,   0.00000000 
